cat: 0.0961182489991188
dog: 0.8652796745300293
human: 0.03394032269716263
city: 0.0026068512815982103
forest: 0.0020548300817608833